P1:
	m = 0.249916 +/- 0.000619
	q = -10.2420 +/- 1.2011

P2:
	m = 0.249927 +/- 0.000595
	q = -10.4312 +/- 0.895923

P3:
	m = 0.249926 +/- 0.00057756
	q = -10.6065 +/- 0.647627
